0.000000e+00 0.000000e+00 0.000000e+00 0.000000e+00 
1.000000e-07 -1.647509e-05 1.000000e-07 3.141593e-07 
2.000000e-07 -4.053367e-05 2.000000e-07 6.283185e-07 
4.000000e-07 -9.535524e-05 4.000000e-07 1.256637e-06 
8.000000e-07 -2.163993e-04 8.000000e-07 2.513271e-06 
1.600000e-06 -4.565098e-04 1.600000e-06 5.026527e-06 
3.200000e-06 -9.378697e-04 3.200000e-06 1.005293e-05 
6.400000e-06 -1.899884e-03 6.400000e-06 2.010484e-05 
1.280000e-05 -3.824841e-03 1.280000e-05 4.020155e-05 
2.280000e-05 -6.830914e-03 2.280000e-05 7.156708e-05 
3.280000e-05 -9.833484e-03 3.280000e-05 1.028620e-04 
4.280000e-05 -1.282869e-02 4.280000e-05 1.340554e-04 
5.280000e-05 -1.581438e-02 5.280000e-05 1.651165e-04 
6.280000e-05 -1.878675e-02 6.280000e-05 1.960146e-04 
7.280000e-05 -2.174361e-02 7.280000e-05 2.267193e-04 
8.280000e-05 -2.468120e-02 8.280000e-05 2.572003e-04 
9.280000e-05 -2.759730e-02 9.280000e-05 2.874274e-04 
1.028000e-04 -3.048823e-02 1.028000e-04 3.173709e-04 
1.128000e-04 -3.335174e-02 1.128000e-04 3.470011e-04 
1.228000e-04 -3.618424e-02 1.228000e-04 3.762889e-04 
1.328000e-04 -3.898347e-02 1.328000e-04 4.052054e-04 
1.428000e-04 -4.174593e-02 1.428000e-04 4.337220e-04 
1.528000e-04 -4.446940e-02 1.528000e-04 4.618105e-04 
1.628000e-04 -4.715045e-02 1.628000e-04 4.894433e-04 
1.728000e-04 -4.978689e-02 1.728000e-04 5.165931e-04 
1.828000e-04 -5.237542e-02 1.828000e-04 5.432331e-04 
1.928000e-04 -5.491389e-02 1.928000e-04 5.693369e-04 
2.028000e-04 -5.739911e-02 2.028000e-04 5.948789e-04 
2.128000e-04 -5.982901e-02 2.128000e-04 6.198338e-04 
2.228000e-04 -6.220053e-02 2.228000e-04 6.441770e-04 
2.328000e-04 -6.451166e-02 2.328000e-04 6.678845e-04 
2.428000e-04 -6.675949e-02 2.428000e-04 6.909329e-04 
2.528000e-04 -6.894210e-02 2.528000e-04 7.132994e-04 
2.628000e-04 -7.105673e-02 2.628000e-04 7.349619e-04 
2.728000e-04 -7.310158e-02 2.728000e-04 7.558992e-04 
2.828000e-04 -7.507404e-02 2.828000e-04 7.760904e-04 
2.928000e-04 -7.697242e-02 2.928000e-04 7.955158e-04 
3.028000e-04 -7.879431e-02 3.028000e-04 8.141561e-04 
3.128000e-04 -8.053811e-02 3.128000e-04 8.319929e-04 
3.228000e-04 -8.220161e-02 3.228000e-04 8.490086e-04 
3.328000e-04 -8.378337e-02 3.328000e-04 8.651864e-04 
3.428000e-04 -8.528134e-02 3.428000e-04 8.805104e-04 
3.528000e-04 -8.669424e-02 3.528000e-04 8.949655e-04 
3.628000e-04 -8.802024e-02 3.628000e-04 9.085373e-04 
3.728000e-04 -8.925819e-02 3.728000e-04 9.212126e-04 
3.828000e-04 -9.040647e-02 3.828000e-04 9.329787e-04 
3.928000e-04 -9.146412e-02 3.928000e-04 9.438240e-04 
4.028000e-04 -9.242971e-02 4.028000e-04 9.537379e-04 
4.128000e-04 -9.330247e-02 4.128000e-04 9.627106e-04 
4.228000e-04 -9.408119e-02 4.228000e-04 9.707333e-04 
4.328000e-04 -9.476527e-02 4.328000e-04 9.777979e-04 
4.428000e-04 -9.535373e-02 4.428000e-04 9.838975e-04 
4.528000e-04 -9.584616e-02 4.528000e-04 9.890262e-04 
4.628000e-04 -9.624179e-02 4.628000e-04 9.931788e-04 
4.728000e-04 -9.654041e-02 4.728000e-04 9.963513e-04 
4.828000e-04 -9.674150e-02 4.828000e-04 9.985404e-04 
4.928000e-04 -9.684502e-02 4.928000e-04 9.997442e-04 
5.028000e-04 -9.685068e-02 5.028000e-04 9.999613e-04 
5.128000e-04 -9.675866e-02 5.128000e-04 9.991916e-04 
5.228000e-04 -9.656886e-02 5.228000e-04 9.974358e-04 
5.328000e-04 -9.628169e-02 5.328000e-04 9.946956e-04 
5.428000e-04 -9.589727e-02 5.428000e-04 9.909738e-04 
5.528000e-04 -9.541619e-02 5.528000e-04 9.862741e-04 
5.628000e-04 -9.483883e-02 5.628000e-04 9.806010e-04 
5.728000e-04 -9.416595e-02 5.728000e-04 9.739601e-04 
5.828000e-04 -9.339815e-02 5.828000e-04 9.663581e-04 
5.928000e-04 -9.253640e-02 5.928000e-04 9.578024e-04 
6.028000e-04 -9.158150e-02 6.028000e-04 9.483015e-04 
6.128000e-04 -9.053462e-02 6.128000e-04 9.378647e-04 
6.228000e-04 -8.939677e-02 6.228000e-04 9.265024e-04 
6.328000e-04 -8.816930e-02 6.328000e-04 9.142257e-04 
6.428000e-04 -8.685342e-02 6.428000e-04 9.010467e-04 
6.528000e-04 -8.545067e-02 6.528000e-04 8.869786e-04 
6.628000e-04 -8.396245e-02 6.628000e-04 8.720351e-04 
6.728000e-04 -8.239048e-02 6.728000e-04 8.562310e-04 
6.828000e-04 -8.073634e-02 6.828000e-04 8.395819e-04 
6.928000e-04 -7.900191e-02 6.928000e-04 8.221043e-04 
7.028000e-04 -7.718894e-02 7.028000e-04 8.038153e-04 
7.128000e-04 -7.529949e-02 7.128000e-04 7.847331e-04 
7.228000e-04 -7.333546e-02 7.228000e-04 7.648764e-04 
7.328000e-04 -7.129906e-02 7.328000e-04 7.442649e-04 
7.428000e-04 -6.919235e-02 7.428000e-04 7.229189e-04 
7.528000e-04 -6.701767e-02 7.528000e-04 7.008595e-04 
7.628000e-04 -6.477723e-02 7.628000e-04 6.781084e-04 
7.728000e-04 -6.247348e-02 7.728000e-04 6.546880e-04 
7.828000e-04 -6.010878e-02 7.828000e-04 6.306216e-04 
7.928000e-04 -5.768569e-02 7.928000e-04 6.059329e-04 
8.028000e-04 -5.520668e-02 8.028000e-04 5.806461e-04 
8.128000e-04 -5.267442e-02 8.128000e-04 5.547863e-04 
8.228000e-04 -5.009148e-02 8.228000e-04 5.283791e-04 
8.328000e-04 -4.746063e-02 8.328000e-04 5.014503e-04 
8.428000e-04 -4.478454e-02 8.428000e-04 4.740267e-04 
8.528000e-04 -4.206603e-02 8.528000e-04 4.461353e-04 
8.628000e-04 -3.930786e-02 8.628000e-04 4.178036e-04 
8.728000e-04 -3.651293e-02 8.728000e-04 3.890596e-04 
8.828000e-04 -3.368405e-02 8.828000e-04 3.599317e-04 
8.928000e-04 -3.082417e-02 8.928000e-04 3.304485e-04 
9.028000e-04 -2.793617e-02 9.028000e-04 3.006392e-04 
9.128000e-04 -2.502304e-02 9.128000e-04 2.705332e-04 
9.228000e-04 -2.208768e-02 9.228000e-04 2.401603e-04 
9.328000e-04 -1.913311e-02 9.328000e-04 2.095503e-04 
9.428000e-04 -1.616227e-02 9.428000e-04 1.787335e-04 
9.528000e-04 -1.317819e-02 9.528000e-04 1.477404e-04 
9.628000e-04 -1.018381e-02 9.628000e-04 1.166014e-04 
9.728000e-04 -7.182165e-03 9.728000e-04 8.534736e-05 
9.828000e-04 -4.176211e-03 9.828000e-04 5.400910e-05 
9.928000e-04 -1.168968e-03 9.928000e-04 2.261754e-05 
1.002800e-03 1.836629e-03 1.002800e-03 -8.796346e-06 
1.012800e-03 4.837578e-03 1.012800e-03 -4.020155e-05 
1.022800e-03 7.830967e-03 1.022800e-03 -7.156708e-05 
1.032800e-03 1.081383e-02 1.032800e-03 -1.028620e-04 
1.042800e-03 1.378328e-02 1.042800e-03 -1.340554e-04 
1.052800e-03 1.673641e-02 1.052800e-03 -1.651165e-04 
1.062800e-03 1.967038e-02 1.062800e-03 -1.960146e-04 
1.072800e-03 2.258232e-02 1.072800e-03 -2.267193e-04 
1.082800e-03 2.546947e-02 1.082800e-03 -2.572003e-04 
1.092800e-03 2.832901e-02 1.092800e-03 -2.874274e-04 
1.102800e-03 3.115824e-02 1.102800e-03 -3.173709e-04 
1.112800e-03 3.395443e-02 1.112800e-03 -3.470011e-04 
1.122800e-03 3.671496e-02 1.122800e-03 -3.762889e-04 
1.132800e-03 3.943717e-02 1.132800e-03 -4.052054e-04 
1.142800e-03 4.211853e-02 1.142800e-03 -4.337220e-04 
1.152800e-03 4.475648e-02 1.152800e-03 -4.618105e-04 
1.162800e-03 4.734857e-02 1.162800e-03 -4.894433e-04 
1.172800e-03 4.989235e-02 1.172800e-03 -5.165931e-04 
1.182800e-03 5.238547e-02 1.182800e-03 -5.432331e-04 
1.192800e-03 5.482559e-02 1.192800e-03 -5.693369e-04 
1.202800e-03 5.721046e-02 1.202800e-03 -5.948789e-04 
1.212800e-03 5.953786e-02 1.212800e-03 -6.198338e-04 
1.222800e-03 6.180567e-02 1.222800e-03 -6.441770e-04 
1.232800e-03 6.401177e-02 1.232800e-03 -6.678845e-04 
1.242800e-03 6.615417e-02 1.242800e-03 -6.909329e-04 
1.252800e-03 6.823087e-02 1.252800e-03 -7.132994e-04 
1.262800e-03 7.024002e-02 1.262800e-03 -7.349619e-04 
1.272800e-03 7.217975e-02 1.272800e-03 -7.558992e-04 
1.282800e-03 7.404832e-02 1.282800e-03 -7.760904e-04 
1.292800e-03 7.584403e-02 1.292800e-03 -7.955158e-04 
1.302800e-03 7.756527e-02 1.302800e-03 -8.141561e-04 
1.312800e-03 7.921047e-02 1.312800e-03 -8.319929e-04 
1.322800e-03 8.077816e-02 1.322800e-03 -8.490086e-04 
1.332800e-03 8.226691e-02 1.332800e-03 -8.651864e-04 
1.342800e-03 8.367542e-02 1.342800e-03 -8.805104e-04 
1.352800e-03 8.500240e-02 1.352800e-03 -8.949655e-04 
1.362800e-03 8.624668e-02 1.362800e-03 -9.085373e-04 
1.372800e-03 8.740714e-02 1.372800e-03 -9.212126e-04 
1.382800e-03 8.848275e-02 1.382800e-03 -9.329787e-04 
1.392800e-03 8.947256e-02 1.392800e-03 -9.438240e-04 
1.402800e-03 9.037568e-02 1.402800e-03 -9.537379e-04 
1.412800e-03 9.119131e-02 1.412800e-03 -9.627106e-04 
1.422800e-03 9.191873e-02 1.422800e-03 -9.707333e-04 
1.432800e-03 9.255730e-02 1.432800e-03 -9.777979e-04 
1.442800e-03 9.310644e-02 1.442800e-03 -9.838975e-04 
1.452800e-03 9.356568e-02 1.452800e-03 -9.890262e-04 
1.462800e-03 9.393461e-02 1.462800e-03 -9.931788e-04 
1.472800e-03 9.421290e-02 1.472800e-03 -9.963513e-04 
1.482800e-03 9.440031e-02 1.482800e-03 -9.985404e-04 
1.492800e-03 9.449667e-02 1.492800e-03 -9.997442e-04 
1.502800e-03 9.450190e-02 1.502800e-03 -9.999613e-04 
1.512800e-03 9.441598e-02 1.512800e-03 -9.991916e-04 
1.522800e-03 9.423901e-02 1.522800e-03 -9.974358e-04 
1.532800e-03 9.397113e-02 1.532800e-03 -9.946956e-04 
1.542800e-03 9.361258e-02 1.542800e-03 -9.909738e-04 
1.552800e-03 9.316367e-02 1.552800e-03 -9.862741e-04 
1.562800e-03 9.262481e-02 1.562800e-03 -9.806010e-04 
1.572800e-03 9.199647e-02 1.572800e-03 -9.739601e-04 
1.582800e-03 9.127921e-02 1.582800e-03 -9.663581e-04 
1.592800e-03 9.047365e-02 1.592800e-03 -9.578024e-04 
1.602800e-03 8.958053e-02 1.602800e-03 -9.483015e-04 
1.612800e-03 8.860062e-02 1.612800e-03 -9.378647e-04 
1.622800e-03 8.753480e-02 1.622800e-03 -9.265024e-04 
1.632800e-03 8.638401e-02 1.632800e-03 -9.142257e-04 
1.642800e-03 8.514929e-02 1.642800e-03 -9.010467e-04 
1.652800e-03 8.383173e-02 1.652800e-03 -8.869786e-04 
1.662800e-03 8.243251e-02 1.662800e-03 -8.720351e-04 
1.672800e-03 8.095288e-02 1.672800e-03 -8.562310e-04 
1.682800e-03 7.939417e-02 1.682800e-03 -8.395819e-04 
1.692800e-03 7.775778e-02 1.692800e-03 -8.221043e-04 
1.702800e-03 7.604518e-02 1.702800e-03 -8.038153e-04 
1.712800e-03 7.425792e-02 1.712800e-03 -7.847331e-04 
1.722800e-03 7.239762e-02 1.722800e-03 -7.648764e-04 
1.732800e-03 7.046595e-02 1.732800e-03 -7.442649e-04 
1.742800e-03 6.846467e-02 1.742800e-03 -7.229189e-04 
1.752800e-03 6.639560e-02 1.752800e-03 -7.008595e-04 
1.762800e-03 6.426064e-02 1.762800e-03 -6.781084e-04 
1.772800e-03 6.206172e-02 1.772800e-03 -6.546880e-04 
1.782800e-03 5.980088e-02 1.782800e-03 -6.306216e-04 
1.792800e-03 5.748019e-02 1.792800e-03 -6.059329e-04 
1.802800e-03 5.510179e-02 1.802800e-03 -5.806461e-04 
1.812800e-03 5.266787e-02 1.812800e-03 -5.547863e-04 
1.822800e-03 5.018070e-02 1.822800e-03 -5.283791e-04 
1.832800e-03 4.764259e-02 1.832800e-03 -5.014503e-04 
1.842800e-03 4.505590e-02 1.842800e-03 -4.740267e-04 
1.852800e-03 4.242306e-02 1.852800e-03 -4.461353e-04 
1.862800e-03 3.974654e-02 1.862800e-03 -4.178036e-04 
1.872800e-03 3.702885e-02 1.872800e-03 -3.890596e-04 
1.882800e-03 3.427257e-02 1.882800e-03 -3.599317e-04 
1.892800e-03 3.148030e-02 1.892800e-03 -3.304485e-04 
1.902800e-03 2.865470e-02 1.902800e-03 -3.006392e-04 
1.912800e-03 2.579846e-02 1.912800e-03 -2.705332e-04 
1.922800e-03 2.291431e-02 1.922800e-03 -2.401603e-04 
1.932800e-03 2.000503e-02 1.932800e-03 -2.095503e-04 
1.942800e-03 1.707341e-02 1.942800e-03 -1.787335e-04 
1.952800e-03 1.412229e-02 1.952800e-03 -1.477404e-04 
1.962800e-03 1.115452e-02 1.962800e-03 -1.166014e-04 
1.972800e-03 8.172997e-03 1.972800e-03 -8.534736e-05 
1.982800e-03 5.180626e-03 1.982800e-03 -5.400910e-05 
1.992800e-03 2.180336e-03 1.992800e-03 -2.261754e-05 
2.002800e-03 -8.249251e-04 2.002800e-03 8.796346e-06 
2.012800e-03 -3.832196e-03 2.012800e-03 4.020155e-05 
2.022800e-03 -6.838501e-03 2.022800e-03 7.156708e-05 
2.032800e-03 -9.840860e-03 2.032800e-03 1.028620e-04 
2.042800e-03 -1.283628e-02 2.042800e-03 1.340554e-04 
2.052800e-03 -1.582178e-02 2.052800e-03 1.651165e-04 
2.062800e-03 -1.879436e-02 2.062800e-03 1.960146e-04 
2.072800e-03 -2.175103e-02 2.072800e-03 2.267193e-04 
2.082800e-03 -2.468882e-02 2.082800e-03 2.572003e-04 
2.092800e-03 -2.760474e-02 2.092800e-03 2.874274e-04 
2.102800e-03 -3.049585e-02 2.102800e-03 3.173709e-04 
2.112800e-03 -3.335920e-02 2.112800e-03 3.470011e-04 
2.122800e-03 -3.619187e-02 2.122800e-03 3.762889e-04 
2.132800e-03 -3.899095e-02 2.132800e-03 4.052054e-04 
2.142800e-03 -4.175357e-02 2.142800e-03 4.337220e-04 
2.152800e-03 -4.447689e-02 2.152800e-03 4.618105e-04 
2.162800e-03 -4.715809e-02 2.162800e-03 4.894433e-04 
2.172800e-03 -4.979440e-02 2.172800e-03 5.165931e-04 
2.182800e-03 -5.238307e-02 2.182800e-03 5.432331e-04 
2.192800e-03 -5.492142e-02 2.192800e-03 5.693369e-04 
2.202800e-03 -5.740678e-02 2.202800e-03 5.948789e-04 
2.212800e-03 -5.983656e-02 2.212800e-03 6.198338e-04 
2.222800e-03 -6.220820e-02 2.222800e-03 6.441770e-04 
2.232800e-03 -6.451922e-02 2.232800e-03 6.678845e-04 
2.242800e-03 -6.676717e-02 2.242800e-03 6.909329e-04 
2.252800e-03 -6.894967e-02 2.252800e-03 7.132994e-04 
2.262800e-03 -7.106442e-02 2.262800e-03 7.349619e-04 
2.272800e-03 -7.310917e-02 2.272800e-03 7.558992e-04 
2.282800e-03 -7.508174e-02 2.282800e-03 7.760904e-04 
2.292800e-03 -7.698002e-02 2.292800e-03 7.955158e-04 
2.302800e-03 -7.880200e-02 2.302800e-03 8.141561e-04 
2.312800e-03 -8.054572e-02 2.312800e-03 8.319929e-04 
2.322800e-03 -8.220931e-02 2.322800e-03 8.490086e-04 
2.332800e-03 -8.379099e-02 2.332800e-03 8.651864e-04 
2.342800e-03 -8.528905e-02 2.342800e-03 8.805104e-04 
2.352800e-03 -8.670187e-02 2.352800e-03 8.949655e-04 
2.362800e-03 -8.802794e-02 2.362800e-03 9.085373e-04 
2.372800e-03 -8.926582e-02 2.372800e-03 9.212126e-04 
2.382800e-03 -9.041418e-02 2.382800e-03 9.329787e-04 
2.392800e-03 -9.147176e-02 2.392800e-03 9.438240e-04 
2.402800e-03 -9.243742e-02 2.402800e-03 9.537379e-04 
2.412800e-03 -9.331012e-02 2.412800e-03 9.627106e-04 
2.422800e-03 -9.408890e-02 2.422800e-03 9.707333e-04 
2.432800e-03 -9.477292e-02 2.432800e-03 9.777979e-04 
2.442800e-03 -9.536144e-02 2.442800e-03 9.838975e-04 
2.452800e-03 -9.585381e-02 2.452800e-03 9.890262e-04 
2.462800e-03 -9.624949e-02 2.462800e-03 9.931788e-04 
2.472800e-03 -9.654807e-02 2.472800e-03 9.963513e-04 
2.482800e-03 -9.674920e-02 2.482800e-03 9.985404e-04 
2.492800e-03 -9.685268e-02 2.492800e-03 9.997442e-04 
2.502800e-03 -9.685838e-02 2.502800e-03 9.999613e-04 
2.512800e-03 -9.676631e-02 2.512800e-03 9.991916e-04 
2.522800e-03 -9.657656e-02 2.522800e-03 9.974358e-04 
2.532800e-03 -9.628933e-02 2.532800e-03 9.946956e-04 
2.542800e-03 -9.590496e-02 2.542800e-03 9.909738e-04 
2.552800e-03 -9.542384e-02 2.552800e-03 9.862741e-04 
2.562800e-03 -9.484651e-02 2.562800e-03 9.806010e-04 
2.572800e-03 -9.417359e-02 2.572800e-03 9.739601e-04 
2.582800e-03 -9.340582e-02 2.582800e-03 9.663581e-04 
2.592800e-03 -9.254403e-02 2.592800e-03 9.578024e-04 
2.602800e-03 -9.158916e-02 2.602800e-03 9.483015e-04 
2.612800e-03 -9.054225e-02 2.612800e-03 9.378647e-04 
2.622800e-03 -8.940442e-02 2.622800e-03 9.265024e-04 
2.632800e-03 -8.817692e-02 2.632800e-03 9.142257e-04 
2.642800e-03 -8.686106e-02 2.642800e-03 9.010467e-04 
2.652800e-03 -8.545828e-02 2.652800e-03 8.869786e-04 
2.662800e-03 -8.397008e-02 2.662800e-03 8.720351e-04 
2.672800e-03 -8.239808e-02 2.672800e-03 8.562310e-04 
2.682800e-03 -8.074396e-02 2.682800e-03 8.395819e-04 
2.692800e-03 -7.900949e-02 2.692800e-03 8.221043e-04 
2.702800e-03 -7.719654e-02 2.702800e-03 8.038153e-04 
2.712800e-03 -7.530706e-02 2.712800e-03 7.847331e-04 
2.722800e-03 -7.334305e-02 2.722800e-03 7.648764e-04 
2.732800e-03 -7.130662e-02 2.732800e-03 7.442649e-04 
2.742800e-03 -6.919993e-02 2.742800e-03 7.229189e-04 
2.752800e-03 -6.702521e-02 2.752800e-03 7.008595e-04 
2.762800e-03 -6.478478e-02 2.762800e-03 6.781084e-04 
2.772800e-03 -6.248101e-02 2.772800e-03 6.546880e-04 
2.782800e-03 -6.011632e-02 2.782800e-03 6.306216e-04 
2.792800e-03 -5.769320e-02 2.792800e-03 6.059329e-04 
2.802800e-03 -5.521420e-02 2.802800e-03 5.806461e-04 
2.812800e-03 -5.268191e-02 2.812800e-03 5.547863e-04 
2.822800e-03 -5.009899e-02 2.822800e-03 5.283791e-04 
2.832800e-03 -4.746811e-02 2.832800e-03 5.014503e-04 
2.842800e-03 -4.479202e-02 2.842800e-03 4.740267e-04 
2.852800e-03 -4.207349e-02 2.852800e-03 4.461353e-04 
2.862800e-03 -3.931532e-02 2.862800e-03 4.178036e-04 
2.872800e-03 -3.652037e-02 2.872800e-03 3.890596e-04 
2.882800e-03 -3.369149e-02 2.882800e-03 3.599317e-04 
2.892800e-03 -3.083160e-02 2.892800e-03 3.304485e-04 
2.902800e-03 -2.794360e-02 2.902800e-03 3.006392e-04 
2.912800e-03 -2.503044e-02 2.912800e-03 2.705332e-04 
2.922800e-03 -2.209509e-02 2.922800e-03 2.401603e-04 
2.932800e-03 -1.914050e-02 2.932800e-03 2.095503e-04 
2.942800e-03 -1.616966e-02 2.942800e-03 1.787335e-04 
2.952800e-03 -1.318555e-02 2.952800e-03 1.477404e-04 
2.962800e-03 -1.019117e-02 2.962800e-03 1.166014e-04 
2.972800e-03 -7.189509e-03 2.972800e-03 8.534736e-05 
2.982800e-03 -4.183555e-03 2.982800e-03 5.400910e-05 
2.992800e-03 -1.176292e-03 2.992800e-03 2.261754e-05 
3.002800e-03 1.829305e-03 3.002800e-03 -8.796346e-06 
3.012800e-03 4.830273e-03 3.012800e-03 -4.020155e-05 
3.022800e-03 7.823663e-03 3.022800e-03 -7.156708e-05 
3.032800e-03 1.080654e-02 3.032800e-03 -1.028620e-04 
3.042800e-03 1.377600e-02 3.042800e-03 -1.340554e-04 
3.052800e-03 1.672915e-02 3.052800e-03 -1.651165e-04 
3.062800e-03 1.966312e-02 3.062800e-03 -1.960146e-04 
3.072800e-03 2.257508e-02 3.072800e-03 -2.267193e-04 
3.082800e-03 2.546222e-02 3.082800e-03 -2.572003e-04 
3.092800e-03 2.832178e-02 3.092800e-03 -2.874274e-04 
3.102800e-03 3.115101e-02 3.102800e-03 -3.173709e-04 
3.112800e-03 3.394722e-02 3.112800e-03 -3.470011e-04 
3.122800e-03 3.670775e-02 3.122800e-03 -3.762889e-04 
3.132800e-03 3.942998e-02 3.132800e-03 -4.052054e-04 
3.142800e-03 4.211134e-02 3.142800e-03 -4.337220e-04 
3.152800e-03 4.474931e-02 3.152800e-03 -4.618105e-04 
3.162800e-03 4.734140e-02 3.162800e-03 -4.894433e-04 
3.172800e-03 4.988519e-02 3.172800e-03 -5.165931e-04 
3.182800e-03 5.237832e-02 3.182800e-03 -5.432331e-04 
3.192800e-03 5.481845e-02 3.192800e-03 -5.693369e-04 
3.202800e-03 5.720333e-02 3.202800e-03 -5.948789e-04 
3.212800e-03 5.953074e-02 3.212800e-03 -6.198338e-04 
3.222800e-03 6.179855e-02 3.222800e-03 -6.441770e-04 
3.232800e-03 6.400467e-02 3.232800e-03 -6.678845e-04 
3.242800e-03 6.614706e-02 3.242800e-03 -6.909329e-04 
3.252800e-03 6.822378e-02 3.252800e-03 -7.132994e-04 
3.262800e-03 7.023293e-02 3.262800e-03 -7.349619e-04 
3.272800e-03 7.217267e-02 3.272800e-03 -7.558992e-04 
3.282800e-03 7.404125e-02 3.282800e-03 -7.760904e-04 
3.292800e-03 7.583697e-02 3.292800e-03 -7.955158e-04 
3.302800e-03 7.755821e-02 3.302800e-03 -8.141561e-04 
3.312800e-03 7.920342e-02 3.312800e-03 -8.319929e-04 
3.322800e-03 8.077111e-02 3.322800e-03 -8.490086e-04 
3.332800e-03 8.225987e-02 3.332800e-03 -8.651864e-04 
3.342800e-03 8.366838e-02 3.342800e-03 -8.805104e-04 
3.352800e-03 8.499537e-02 3.352800e-03 -8.949655e-04 
3.362800e-03 8.623965e-02 3.362800e-03 -9.085373e-04 
3.372800e-03 8.740012e-02 3.372800e-03 -9.212126e-04 
3.382800e-03 8.847573e-02 3.382800e-03 -9.329787e-04 
3.392800e-03 8.946554e-02 3.392800e-03 -9.438240e-04 
3.402800e-03 9.036867e-02 3.402800e-03 -9.537379e-04 
3.412800e-03 9.118430e-02 3.412800e-03 -9.627106e-04 
3.422800e-03 9.191173e-02 3.422800e-03 -9.707333e-04 
3.432800e-03 9.255030e-02 3.432800e-03 -9.777979e-04 
3.442800e-03 9.309945e-02 3.442800e-03 -9.838975e-04 
3.452800e-03 9.355869e-02 3.452800e-03 -9.890262e-04 
3.462800e-03 9.392762e-02 3.462800e-03 -9.931788e-04 
3.472800e-03 9.420591e-02 3.472800e-03 -9.963513e-04 
3.482800e-03 9.439332e-02 3.482800e-03 -9.985404e-04 
3.492800e-03 9.448968e-02 3.492800e-03 -9.997442e-04 
3.502800e-03 9.449491e-02 3.502800e-03 -9.999613e-04 
3.512800e-03 9.440900e-02 3.512800e-03 -9.991916e-04 
3.522800e-03 9.423202e-02 3.522800e-03 -9.974358e-04 
3.532800e-03 9.396414e-02 3.532800e-03 -9.946956e-04 
3.542800e-03 9.360559e-02 3.542800e-03 -9.909738e-04 
3.552800e-03 9.315669e-02 3.552800e-03 -9.862741e-04 
3.562800e-03 9.261783e-02 3.562800e-03 -9.806010e-04 
3.572800e-03 9.198949e-02 3.572800e-03 -9.739601e-04 
3.582800e-03 9.127222e-02 3.582800e-03 -9.663581e-04 
3.592800e-03 9.046667e-02 3.592800e-03 -9.578024e-04 
3.602800e-03 8.957354e-02 3.602800e-03 -9.483015e-04 
3.612800e-03 8.859363e-02 3.612800e-03 -9.378647e-04 
3.622800e-03 8.752781e-02 3.622800e-03 -9.265024e-04 
3.632800e-03 8.637702e-02 3.632800e-03 -9.142257e-04 
3.642800e-03 8.514229e-02 3.642800e-03 -9.010467e-04 
3.652800e-03 8.382473e-02 3.652800e-03 -8.869786e-04 
3.662800e-03 8.242551e-02 3.662800e-03 -8.720351e-04 
3.672800e-03 8.094588e-02 3.672800e-03 -8.562310e-04 
3.682800e-03 7.938716e-02 3.682800e-03 -8.395819e-04 
3.692800e-03 7.775077e-02 3.692800e-03 -8.221043e-04 
3.702800e-03 7.603817e-02 3.702800e-03 -8.038153e-04 
3.712800e-03 7.425091e-02 3.712800e-03 -7.847331e-04 
3.722800e-03 7.239060e-02 3.722800e-03 -7.648764e-04 
3.732800e-03 7.045892e-02 3.732800e-03 -7.442649e-04 
3.742800e-03 6.845764e-02 3.742800e-03 -7.229189e-04 
3.752800e-03 6.638857e-02 3.752800e-03 -7.008595e-04 
3.762800e-03 6.425360e-02 3.762800e-03 -6.781084e-04 
3.772800e-03 6.205468e-02 3.772800e-03 -6.546880e-04 
3.782800e-03 5.979383e-02 3.782800e-03 -6.306216e-04 
3.792800e-03 5.747314e-02 3.792800e-03 -6.059329e-04 
3.802800e-03 5.509473e-02 3.802800e-03 -5.806461e-04 
3.812800e-03 5.266080e-02 3.812800e-03 -5.547863e-04 
3.822800e-03 5.017363e-02 3.822800e-03 -5.283791e-04 
3.832800e-03 4.763551e-02 3.832800e-03 -5.014503e-04 
3.842800e-03 4.504882e-02 3.842800e-03 -4.740267e-04 
3.852800e-03 4.241597e-02 3.852800e-03 -4.461353e-04 
3.862800e-03 3.973944e-02 3.862800e-03 -4.178036e-04 
3.872800e-03 3.702175e-02 3.872800e-03 -3.890596e-04 
3.882800e-03 3.426546e-02 3.882800e-03 -3.599317e-04 
3.892800e-03 3.147318e-02 3.892800e-03 -3.304485e-04 
3.902800e-03 2.864757e-02 3.902800e-03 -3.006392e-04 
3.912800e-03 2.579133e-02 3.912800e-03 -2.705332e-04 
3.922800e-03 2.290717e-02 3.922800e-03 -2.401603e-04 
3.932800e-03 1.999788e-02 3.932800e-03 -2.095503e-04 
3.942800e-03 1.706626e-02 3.942800e-03 -1.787335e-04 
3.952800e-03 1.411513e-02 3.952800e-03 -1.477404e-04 
3.962800e-03 1.114735e-02 3.962800e-03 -1.166014e-04 
3.972800e-03 8.165824e-03 3.972800e-03 -8.534736e-05 
3.982800e-03 5.173445e-03 3.982800e-03 -5.400910e-05 
3.992800e-03 2.173147e-03 3.992800e-03 -2.261754e-05 
4.002800e-03 -8.321210e-04 4.002800e-03 8.796346e-06 
4.012800e-03 -3.839399e-03 4.012800e-03 4.020155e-05 
4.022800e-03 -6.845712e-03 4.022800e-03 7.156708e-05 
4.032800e-03 -9.848078e-03 4.032800e-03 1.028620e-04 
4.042800e-03 -1.284351e-02 4.042800e-03 1.340554e-04 
4.052800e-03 -1.582901e-02 4.052800e-03 1.651165e-04 
4.062800e-03 -1.880160e-02 4.062800e-03 1.960146e-04 
4.072800e-03 -2.175828e-02 4.072800e-03 2.267193e-04 
4.082800e-03 -2.469607e-02 4.082800e-03 2.572003e-04 
4.092800e-03 -2.761200e-02 4.092800e-03 2.874274e-04 
4.102800e-03 -3.050312e-02 4.102800e-03 3.173709e-04 
4.112800e-03 -3.336648e-02 4.112800e-03 3.470011e-04 
4.122800e-03 -3.619915e-02 4.122800e-03 3.762889e-04 
4.132800e-03 -3.899824e-02 4.132800e-03 4.052054e-04 
4.142800e-03 -4.176087e-02 4.142800e-03 4.337220e-04 
4.152800e-03 -4.448419e-02 4.152800e-03 4.618105e-04 
4.162800e-03 -4.716540e-02 4.162800e-03 4.894433e-04 
4.172800e-03 -4.980171e-02 4.172800e-03 5.165931e-04 
4.182800e-03 -5.239039e-02 4.182800e-03 5.432331e-04 
4.192800e-03 -5.492874e-02 4.192800e-03 5.693369e-04 
4.202800e-03 -5.741411e-02 4.202800e-03 5.948789e-04 
4.212800e-03 -5.984389e-02 4.212800e-03 6.198338e-04 
4.222800e-03 -6.221554e-02 4.222800e-03 6.441770e-04 
4.232800e-03 -6.452656e-02 4.232800e-03 6.678845e-04 
4.242800e-03 -6.677452e-02 4.242800e-03 6.909329e-04 
4.252800e-03 -6.895703e-02 4.252800e-03 7.132994e-04 
4.262800e-03 -7.107178e-02 4.262800e-03 7.349619e-04 
4.272800e-03 -7.311653e-02 4.272800e-03 7.558992e-04 
4.282800e-03 -7.508911e-02 4.282800e-03 7.760904e-04 
4.292800e-03 -7.698740e-02 4.292800e-03 7.955158e-04 
4.302800e-03 -7.880938e-02 4.302800e-03 8.141561e-04 
4.312800e-03 -8.055311e-02 4.312800e-03 8.319929e-04 
4.322800e-03 -8.221670e-02 4.322800e-03 8.490086e-04 
4.332800e-03 -8.379838e-02 4.332800e-03 8.651864e-04 
4.342800e-03 -8.529644e-02 4.342800e-03 8.805104e-04 
4.352800e-03 -8.670927e-02 4.352800e-03 8.949655e-04 
4.362800e-03 -8.803534e-02 4.362800e-03 9.085373e-04 
4.372800e-03 -8.927322e-02 4.372800e-03 9.212126e-04 
4.382800e-03 -9.042158e-02 4.382800e-03 9.329787e-04 
4.392800e-03 -9.147916e-02 4.392800e-03 9.438240e-04 
4.402800e-03 -9.244483e-02 4.402800e-03 9.537379e-04 
4.412800e-03 -9.331753e-02 4.412800e-03 9.627106e-04 
4.422800e-03 -9.409631e-02 4.422800e-03 9.707333e-04 
4.432800e-03 -9.478033e-02 4.432800e-03 9.777979e-04 
4.442800e-03 -9.536885e-02 4.442800e-03 9.838975e-04 
4.452800e-03 -9.586122e-02 4.452800e-03 9.890262e-04 
4.462800e-03 -9.625690e-02 4.462800e-03 9.931788e-04 
4.472800e-03 -9.655547e-02 4.472800e-03 9.963513e-04 
4.482800e-03 -9.675661e-02 4.482800e-03 9.985404e-04 
4.492800e-03 -9.686008e-02 4.492800e-03 9.997442e-04 
4.502800e-03 -9.686578e-02 4.502800e-03 9.999613e-04 
4.512800e-03 -9.677371e-02 4.512800e-03 9.991916e-04 
4.522800e-03 -9.658396e-02 4.522800e-03 9.974358e-04 
4.532800e-03 -9.629673e-02 4.532800e-03 9.946956e-04 
4.542800e-03 -9.591235e-02 4.542800e-03 9.909738e-04 
4.552800e-03 -9.543123e-02 4.552800e-03 9.862741e-04 
4.562800e-03 -9.485390e-02 4.562800e-03 9.806010e-04 
4.572800e-03 -9.418098e-02 4.572800e-03 9.739601e-04 
4.582800e-03 -9.341320e-02 4.582800e-03 9.663581e-04 
4.592800e-03 -9.255141e-02 4.592800e-03 9.578024e-04 
4.602800e-03 -9.159654e-02 4.602800e-03 9.483015e-04 
4.612800e-03 -9.054962e-02 4.612800e-03 9.378647e-04 
4.622800e-03 -8.941179e-02 4.622800e-03 9.265024e-04 
4.632800e-03 -8.818428e-02 4.632800e-03 9.142257e-04 
4.642800e-03 -8.686842e-02 4.642800e-03 9.010467e-04 
4.652800e-03 -8.546563e-02 4.652800e-03 8.869786e-04 
4.662800e-03 -8.397743e-02 4.662800e-03 8.720351e-04 
4.672800e-03 -8.240542e-02 4.672800e-03 8.562310e-04 
4.682800e-03 -8.075129e-02 4.682800e-03 8.395819e-04 
4.692800e-03 -7.901682e-02 4.692800e-03 8.221043e-04 
4.702800e-03 -7.720387e-02 4.702800e-03 8.038153e-04 
4.712800e-03 -7.531437e-02 4.712800e-03 7.847331e-04 
4.722800e-03 -7.335036e-02 4.722800e-03 7.648764e-04 
4.732800e-03 -7.131392e-02 4.732800e-03 7.442649e-04 
4.742800e-03 -6.920722e-02 4.742800e-03 7.229189e-04 
4.752800e-03 -6.703250e-02 4.752800e-03 7.008595e-04 
4.762800e-03 -6.479206e-02 4.762800e-03 6.781084e-04 
4.772800e-03 -6.248828e-02 4.772800e-03 6.546880e-04 
4.782800e-03 -6.012358e-02 4.782800e-03 6.306216e-04 
4.792800e-03 -5.770045e-02 4.792800e-03 6.059329e-04 
4.802800e-03 -5.522145e-02 4.802800e-03 5.806461e-04 
4.812800e-03 -5.268915e-02 4.812800e-03 5.547863e-04 
4.822800e-03 -5.010622e-02 4.822800e-03 5.283791e-04 
4.832800e-03 -4.747533e-02 4.832800e-03 5.014503e-04 
4.842800e-03 -4.479923e-02 4.842800e-03 4.740267e-04 
4.852800e-03 -4.208069e-02 4.852800e-03 4.461353e-04 
4.862800e-03 -3.932251e-02 4.862800e-03 4.178036e-04 
4.872800e-03 -3.652755e-02 4.872800e-03 3.890596e-04 
4.882800e-03 -3.369867e-02 4.882800e-03 3.599317e-04 
4.892800e-03 -3.083876e-02 4.892800e-03 3.304485e-04 
4.902800e-03 -2.795075e-02 4.902800e-03 3.006392e-04 
4.912800e-03 -2.503759e-02 4.912800e-03 2.705332e-04 
4.922800e-03 -2.210222e-02 4.922800e-03 2.401603e-04 
4.932800e-03 -1.914762e-02 4.932800e-03 2.095503e-04 
4.942800e-03 -1.617677e-02 4.942800e-03 1.787335e-04 
4.952800e-03 -1.319266e-02 4.952800e-03 1.477404e-04 
4.962800e-03 -1.019827e-02 4.962800e-03 1.166014e-04 
4.972800e-03 -7.196596e-03 4.972800e-03 8.534736e-05 
4.982800e-03 -4.190633e-03 4.982800e-03 5.400910e-05 
4.992800e-03 -1.183360e-03 4.992800e-03 2.261754e-05 
5.002800e-03 1.822247e-03 5.002800e-03 -8.796346e-06 
5.012800e-03 4.823225e-03 5.012800e-03 -4.020155e-05 
5.022800e-03 7.816625e-03 5.022800e-03 -7.156708e-05 
5.032800e-03 1.079951e-02 5.032800e-03 -1.028620e-04 
5.042800e-03 1.376898e-02 5.042800e-03 -1.340554e-04 
5.052800e-03 1.672214e-02 5.052800e-03 -1.651165e-04 
5.062800e-03 1.965612e-02 5.062800e-03 -1.960146e-04 
5.072800e-03 2.256809e-02 5.072800e-03 -2.267193e-04 
5.082800e-03 2.545524e-02 5.082800e-03 -2.572003e-04 
5.092800e-03 2.831481e-02 5.092800e-03 -2.874274e-04 
5.102800e-03 3.114405e-02 5.102800e-03 -3.173709e-04 
5.112800e-03 3.394027e-02 5.112800e-03 -3.470011e-04 
5.122800e-03 3.670081e-02 5.122800e-03 -3.762889e-04 
5.132800e-03 3.942305e-02 5.132800e-03 -4.052054e-04 
5.142800e-03 4.210441e-02 5.142800e-03 -4.337220e-04 
5.152800e-03 4.474239e-02 5.152800e-03 -4.618105e-04 
5.162800e-03 4.733449e-02 5.162800e-03 -4.894433e-04 
5.172800e-03 4.987829e-02 5.172800e-03 -5.165931e-04 
5.182800e-03 5.237142e-02 5.182800e-03 -5.432331e-04 
5.192800e-03 5.481157e-02 5.192800e-03 -5.693369e-04 
5.202800e-03 5.719645e-02 5.202800e-03 -5.948789e-04 
5.212800e-03 5.952387e-02 5.212800e-03 -6.198338e-04 
5.222800e-03 6.179169e-02 5.222800e-03 -6.441770e-04 
5.232800e-03 6.399781e-02 5.232800e-03 -6.678845e-04 
5.242800e-03 6.614022e-02 5.242800e-03 -6.909329e-04 
5.252800e-03 6.821694e-02 5.252800e-03 -7.132994e-04 
5.262800e-03 7.022610e-02 5.262800e-03 -7.349619e-04 
5.272800e-03 7.216585e-02 5.272800e-03 -7.558992e-04 
5.282800e-03 7.403443e-02 5.282800e-03 -7.760904e-04 
5.292800e-03 7.583016e-02 5.292800e-03 -7.955158e-04 
5.302800e-03 7.755140e-02 5.302800e-03 -8.141561e-04 
5.312800e-03 7.919661e-02 5.312800e-03 -8.319929e-04 
5.322800e-03 8.076431e-02 5.322800e-03 -8.490086e-04 
5.332800e-03 8.225308e-02 5.332800e-03 -8.651864e-04 
5.342800e-03 8.366160e-02 5.342800e-03 -8.805104e-04 
5.352800e-03 8.498859e-02 5.352800e-03 -8.949655e-04 
5.362800e-03 8.623288e-02 5.362800e-03 -9.085373e-04 
5.372800e-03 8.739335e-02 5.372800e-03 -9.212126e-04 
5.382800e-03 8.846897e-02 5.382800e-03 -9.329787e-04 
5.392800e-03 8.945878e-02 5.392800e-03 -9.438240e-04 
5.402800e-03 9.036191e-02 5.402800e-03 -9.537379e-04 
5.412800e-03 9.117755e-02 5.412800e-03 -9.627106e-04 
5.422800e-03 9.190498e-02 5.422800e-03 -9.707333e-04 
5.432800e-03 9.254355e-02 5.432800e-03 -9.777979e-04 
5.442800e-03 9.309270e-02 5.442800e-03 -9.838975e-04 
5.452800e-03 9.355195e-02 5.452800e-03 -9.890262e-04 
5.462800e-03 9.392088e-02 5.462800e-03 -9.931788e-04 
5.472800e-03 9.419917e-02 5.472800e-03 -9.963513e-04 
5.482800e-03 9.438659e-02 5.482800e-03 -9.985404e-04 
5.492800e-03 9.448295e-02 5.492800e-03 -9.997442e-04 
5.502800e-03 9.448818e-02 5.502800e-03 -9.999613e-04 
5.512800e-03 9.440227e-02 5.512800e-03 -9.991916e-04 
5.522800e-03 9.422529e-02 5.522800e-03 -9.974358e-04 
5.532800e-03 9.395741e-02 5.532800e-03 -9.946956e-04 
5.542800e-03 9.359886e-02 5.542800e-03 -9.909738e-04 
5.552800e-03 9.314996e-02 5.552800e-03 -9.862741e-04 
5.562800e-03 9.261110e-02 5.562800e-03 -9.806010e-04 
5.572800e-03 9.198276e-02 5.572800e-03 -9.739601e-04 
5.582800e-03 9.126549e-02 5.582800e-03 -9.663581e-04 
5.592800e-03 9.045994e-02 5.592800e-03 -9.578024e-04 
5.602800e-03 8.956680e-02 5.602800e-03 -9.483015e-04 
5.612800e-03 8.858689e-02 5.612800e-03 -9.378647e-04 
5.622800e-03 8.752107e-02 5.622800e-03 -9.265024e-04 
5.632800e-03 8.637028e-02 5.632800e-03 -9.142257e-04 
5.642800e-03 8.513555e-02 5.642800e-03 -9.010467e-04 
5.652800e-03 8.381798e-02 5.652800e-03 -8.869786e-04 
5.662800e-03 8.241876e-02 5.662800e-03 -8.720351e-04 
5.672800e-03 8.093912e-02 5.672800e-03 -8.562310e-04 
5.682800e-03 7.938041e-02 5.682800e-03 -8.395819e-04 
5.692800e-03 7.774401e-02 5.692800e-03 -8.221043e-04 
5.702800e-03 7.603141e-02 5.702800e-03 -8.038153e-04 
5.712800e-03 7.424414e-02 5.712800e-03 -7.847331e-04 
5.722800e-03 7.238383e-02 5.722800e-03 -7.648764e-04 
5.732800e-03 7.045215e-02 5.732800e-03 -7.442649e-04 
5.742800e-03 6.845086e-02 5.742800e-03 -7.229189e-04 
5.752800e-03 6.638179e-02 5.752800e-03 -7.008595e-04 
5.762800e-03 6.424681e-02 5.762800e-03 -6.781084e-04 
5.772800e-03 6.204789e-02 5.772800e-03 -6.546880e-04 
5.782800e-03 5.978704e-02 5.782800e-03 -6.306216e-04 
5.792800e-03 5.746633e-02 5.792800e-03 -6.059329e-04 
5.802800e-03 5.508792e-02 5.802800e-03 -5.806461e-04 
5.812800e-03 5.265399e-02 5.812800e-03 -5.547863e-04 
5.822800e-03 5.016681e-02 5.822800e-03 -5.283791e-04 
5.832800e-03 4.762869e-02 5.832800e-03 -5.014503e-04 
5.842800e-03 4.504199e-02 5.842800e-03 -4.740267e-04 
5.852800e-03 4.240913e-02 5.852800e-03 -4.461353e-04 
5.862800e-03 3.973260e-02 5.862800e-03 -4.178036e-04 
5.872800e-03 3.701490e-02 5.872800e-03 -3.890596e-04 
5.882800e-03 3.425860e-02 5.882800e-03 -3.599317e-04 
5.892800e-03 3.146632e-02 5.892800e-03 -3.304485e-04 
5.902800e-03 2.864070e-02 5.902800e-03 -3.006392e-04 
5.912800e-03 2.578445e-02 5.912800e-03 -2.705332e-04 
5.922800e-03 2.290029e-02 5.922800e-03 -2.401603e-04 
5.932800e-03 1.999100e-02 5.932800e-03 -2.095503e-04 
5.942800e-03 1.705936e-02 5.942800e-03 -1.787335e-04 
5.952800e-03 1.410823e-02 5.952800e-03 -1.477404e-04 
5.962800e-03 1.114044e-02 5.962800e-03 -1.166014e-04 
5.972800e-03 8.158907e-03 5.972800e-03 -8.534736e-05 
5.982800e-03 5.166521e-03 5.982800e-03 -5.400910e-05 
5.992800e-03 2.166216e-03 5.992800e-03 -2.261754e-05 
6.002800e-03 -8.390593e-04 6.002800e-03 8.796346e-06 
6.012800e-03 -3.846344e-03 6.012800e-03 4.020155e-05 
6.022800e-03 -6.852664e-03 6.022800e-03 7.156708e-05 
6.032800e-03 -9.855037e-03 6.032800e-03 1.028620e-04 
6.042800e-03 -1.285047e-02 6.042800e-03 1.340554e-04 
6.052800e-03 -1.583599e-02 6.052800e-03 1.651165e-04 
6.062800e-03 -1.880858e-02 6.062800e-03 1.960146e-04 
6.072800e-03 -2.176526e-02 6.072800e-03 2.267193e-04 
6.082800e-03 -2.470306e-02 6.082800e-03 2.572003e-04 
6.092800e-03 -2.761900e-02 6.092800e-03 2.874274e-04 
6.102800e-03 -3.051013e-02 6.102800e-03 3.173709e-04 
6.112800e-03 -3.337349e-02 6.112800e-03 3.470011e-04 
6.122800e-03 -3.620617e-02 6.122800e-03 3.762889e-04 
6.132800e-03 -3.900527e-02 6.132800e-03 4.052054e-04 
6.142800e-03 -4.176790e-02 6.142800e-03 4.337220e-04 
6.152800e-03 -4.449123e-02 6.152800e-03 4.618105e-04 
6.162800e-03 -4.717245e-02 6.162800e-03 4.894433e-04 
6.172800e-03 -4.980877e-02 6.172800e-03 5.165931e-04 
6.182800e-03 -5.239745e-02 6.182800e-03 5.432331e-04 
6.192800e-03 -5.493581e-02 6.192800e-03 5.693369e-04 
6.202800e-03 -5.742118e-02 6.202800e-03 5.948789e-04 
6.212800e-03 -5.985097e-02 6.212800e-03 6.198338e-04 
6.222800e-03 -6.222262e-02 6.222800e-03 6.441770e-04 
6.232800e-03 -6.453365e-02 6.232800e-03 6.678845e-04 
6.242800e-03 -6.678161e-02 6.242800e-03 6.909329e-04 
6.252800e-03 -6.896412e-02 6.252800e-03 7.132994e-04 
6.262800e-03 -7.107888e-02 6.262800e-03 7.349619e-04 
6.272800e-03 -7.312364e-02 6.272800e-03 7.558992e-04 
6.282800e-03 -7.509621e-02 6.282800e-03 7.760904e-04 
6.292800e-03 -7.699451e-02 6.292800e-03 7.955158e-04 
6.302800e-03 -7.881650e-02 6.302800e-03 8.141561e-04 
6.312800e-03 -8.056022e-02 6.312800e-03 8.319929e-04 
6.322800e-03 -8.222382e-02 6.322800e-03 8.490086e-04 
6.332800e-03 -8.380550e-02 6.332800e-03 8.651864e-04 
6.342800e-03 -8.530357e-02 6.342800e-03 8.805104e-04 
6.352800e-03 -8.671640e-02 6.352800e-03 8.949655e-04 
6.362800e-03 -8.804247e-02 6.362800e-03 9.085373e-04 
6.372800e-03 -8.928036e-02 6.372800e-03 9.212126e-04 
6.382800e-03 -9.042872e-02 6.382800e-03 9.329787e-04 
6.392800e-03 -9.148630e-02 6.392800e-03 9.438240e-04 
6.402800e-03 -9.245197e-02 6.402800e-03 9.537379e-04 
6.412800e-03 -9.332467e-02 6.412800e-03 9.627106e-04 
6.422800e-03 -9.410345e-02 6.422800e-03 9.707333e-04 
6.432800e-03 -9.478747e-02 6.432800e-03 9.777979e-04 
6.442800e-03 -9.537599e-02 6.442800e-03 9.838975e-04 
6.452800e-03 -9.586836e-02 6.452800e-03 9.890262e-04 
6.462800e-03 -9.626404e-02 6.462800e-03 9.931788e-04 
6.472800e-03 -9.656262e-02 6.472800e-03 9.963513e-04 
6.482800e-03 -9.676375e-02 6.482800e-03 9.985404e-04 
6.492800e-03 -9.686722e-02 6.492800e-03 9.997442e-04 
6.502800e-03 -9.687292e-02 6.502800e-03 9.999613e-04 
6.512800e-03 -9.678085e-02 6.512800e-03 9.991916e-04 
6.522800e-03 -9.659109e-02 6.522800e-03 9.974358e-04 
6.532800e-03 -9.630387e-02 6.532800e-03 9.946956e-04 
6.542800e-03 -9.591948e-02 6.542800e-03 9.909738e-04 
6.552800e-03 -9.543836e-02 6.552800e-03 9.862741e-04 
6.562800e-03 -9.486102e-02 6.562800e-03 9.806010e-04 
6.572800e-03 -9.418810e-02 6.572800e-03 9.739601e-04 
6.582800e-03 -9.342032e-02 6.582800e-03 9.663581e-04 
6.592800e-03 -9.255853e-02 6.592800e-03 9.578024e-04 
6.602800e-03 -9.160365e-02 6.602800e-03 9.483015e-04 
6.612800e-03 -9.055672e-02 6.612800e-03 9.378647e-04 
6.622800e-03 -8.941889e-02 6.622800e-03 9.265024e-04 
6.632800e-03 -8.819138e-02 6.632800e-03 9.142257e-04 
6.642800e-03 -8.687551e-02 6.642800e-03 9.010467e-04 
6.652800e-03 -8.547272e-02 6.652800e-03 8.869786e-04 
6.662800e-03 -8.398451e-02 6.662800e-03 8.720351e-04 
6.672800e-03 -8.241250e-02 6.672800e-03 8.562310e-04 
6.682800e-03 -8.075836e-02 6.682800e-03 8.395819e-04 
6.692800e-03 -7.902388e-02 6.692800e-03 8.221043e-04 
6.702800e-03 -7.721093e-02 6.702800e-03 8.038153e-04 
6.712800e-03 -7.532143e-02 6.712800e-03 7.847331e-04 
6.722800e-03 -7.335741e-02 6.722800e-03 7.648764e-04 
6.732800e-03 -7.132096e-02 6.732800e-03 7.442649e-04 
6.742800e-03 -6.921425e-02 6.742800e-03 7.229189e-04 
6.752800e-03 -6.703952e-02 6.752800e-03 7.008595e-04 
6.762800e-03 -6.479908e-02 6.762800e-03 6.781084e-04 
6.772800e-03 -6.249529e-02 6.772800e-03 6.546880e-04 
6.782800e-03 -6.013058e-02 6.782800e-03 6.306216e-04 
6.792800e-03 -5.770745e-02 6.792800e-03 6.059329e-04 
6.802800e-03 -5.522843e-02 6.802800e-03 5.806461e-04 
6.812800e-03 -5.269613e-02 6.812800e-03 5.547863e-04 
6.822800e-03 -5.011318e-02 6.822800e-03 5.283791e-04 
6.832800e-03 -4.748229e-02 6.832800e-03 5.014503e-04 
6.842800e-03 -4.480618e-02 6.842800e-03 4.740267e-04 
6.852800e-03 -4.208763e-02 6.852800e-03 4.461353e-04 
6.862800e-03 -3.932945e-02 6.862800e-03 4.178036e-04 
6.872800e-03 -3.653448e-02 6.872800e-03 3.890596e-04 
6.882800e-03 -3.370558e-02 6.882800e-03 3.599317e-04 
6.892800e-03 -3.084567e-02 6.892800e-03 3.304485e-04 
6.902800e-03 -2.795765e-02 6.902800e-03 3.006392e-04 
6.912800e-03 -2.504448e-02 6.912800e-03 2.705332e-04 
6.922800e-03 -2.210910e-02 6.922800e-03 2.401603e-04 
6.932800e-03 -1.915449e-02 6.932800e-03 2.095503e-04 
6.942800e-03 -1.618363e-02 6.942800e-03 1.787335e-04 
6.952800e-03 -1.319951e-02 6.952800e-03 1.477404e-04 
6.962800e-03 -1.020511e-02 6.962800e-03 1.166014e-04 
6.972800e-03 -7.203430e-03 6.972800e-03 8.534736e-05 
6.982800e-03 -4.197456e-03 6.982800e-03 5.400910e-05 
6.992800e-03 -1.190174e-03 6.992800e-03 2.261754e-05 
7.002800e-03 1.815443e-03 7.002800e-03 -8.796346e-06 
7.012800e-03 4.816430e-03 7.012800e-03 -4.020155e-05 
7.022800e-03 7.809839e-03 7.022800e-03 -7.156708e-05 
7.032800e-03 1.079274e-02 7.032800e-03 -1.028620e-04 
7.042800e-03 1.376221e-02 7.042800e-03 -1.340554e-04 
7.052800e-03 1.671538e-02 7.052800e-03 -1.651165e-04 
7.062800e-03 1.964937e-02 7.062800e-03 -1.960146e-04 
7.072800e-03 2.256135e-02 7.072800e-03 -2.267193e-04 
7.082800e-03 2.544851e-02 7.082800e-03 -2.572003e-04 
7.092800e-03 2.830809e-02 7.092800e-03 -2.874274e-04 
7.102800e-03 3.113734e-02 7.102800e-03 -3.173709e-04 
7.112800e-03 3.393357e-02 7.112800e-03 -3.470011e-04 
7.122800e-03 3.669411e-02 7.122800e-03 -3.762889e-04 
7.132800e-03 3.941636e-02 7.132800e-03 -4.052054e-04 
7.142800e-03 4.209774e-02 7.142800e-03 -4.337220e-04 
7.152800e-03 4.473572e-02 7.152800e-03 -4.618105e-04 
7.162800e-03 4.732783e-02 7.162800e-03 -4.894433e-04 
7.172800e-03 4.987164e-02 7.172800e-03 -5.165931e-04 
7.182800e-03 5.236478e-02 7.182800e-03 -5.432331e-04 
7.192800e-03 5.480493e-02 7.192800e-03 -5.693369e-04 
7.202800e-03 5.718982e-02 7.202800e-03 -5.948789e-04 
7.212800e-03 5.951725e-02 7.212800e-03 -6.198338e-04 
7.222800e-03 6.178508e-02 7.222800e-03 -6.441770e-04 
7.232800e-03 6.399121e-02 7.232800e-03 -6.678845e-04 
7.242800e-03 6.613362e-02 7.242800e-03 -6.909329e-04 
7.252800e-03 6.821035e-02 7.252800e-03 -7.132994e-04 
7.262800e-03 7.021951e-02 7.262800e-03 -7.349619e-04 
7.272800e-03 7.215927e-02 7.272800e-03 -7.558992e-04 
7.282800e-03 7.402786e-02 7.282800e-03 -7.760904e-04 
7.292800e-03 7.582359e-02 7.292800e-03 -7.955158e-04 
7.302800e-03 7.754484e-02 7.302800e-03 -8.141561e-04 
7.312800e-03 7.919006e-02 7.312800e-03 -8.319929e-04 
7.322800e-03 8.075776e-02 7.322800e-03 -8.490086e-04 
7.332800e-03 8.224654e-02 7.332800e-03 -8.651864e-04 
7.342800e-03 8.365506e-02 7.342800e-03 -8.805104e-04 
7.352800e-03 8.498206e-02 7.352800e-03 -8.949655e-04 
7.362800e-03 8.622635e-02 7.362800e-03 -9.085373e-04 
7.372800e-03 8.738682e-02 7.372800e-03 -9.212126e-04 
7.382800e-03 8.846245e-02 7.382800e-03 -9.329787e-04 
7.392800e-03 8.945227e-02 7.392800e-03 -9.438240e-04 
7.402800e-03 9.035540e-02 7.402800e-03 -9.537379e-04 
7.412800e-03 9.117104e-02 7.412800e-03 -9.627106e-04 
7.422800e-03 9.189847e-02 7.422800e-03 -9.707333e-04 
7.432800e-03 9.253704e-02 7.432800e-03 -9.777979e-04 
7.442800e-03 9.308620e-02 7.442800e-03 -9.838975e-04 
7.452800e-03 9.354545e-02 7.452800e-03 -9.890262e-04 
7.462800e-03 9.391438e-02 7.462800e-03 -9.931788e-04 
7.472800e-03 9.419268e-02 7.472800e-03 -9.963513e-04 
7.482800e-03 9.438009e-02 7.482800e-03 -9.985404e-04 
7.492800e-03 9.447646e-02 7.492800e-03 -9.997442e-04 
7.502800e-03 9.448169e-02 7.502800e-03 -9.999613e-04 
7.512800e-03 9.439578e-02 7.512800e-03 -9.991916e-04 
7.522800e-03 9.421880e-02 7.522800e-03 -9.974358e-04 
7.532800e-03 9.395092e-02 7.532800e-03 -9.946956e-04 
7.542800e-03 9.359237e-02 7.542800e-03 -9.909738e-04 
7.552800e-03 9.314347e-02 7.552800e-03 -9.862741e-04 
7.562800e-03 9.260461e-02 7.562800e-03 -9.806010e-04 
7.572800e-03 9.197627e-02 7.572800e-03 -9.739601e-04 
7.582800e-03 9.125900e-02 7.582800e-03 -9.663581e-04 
7.592800e-03 9.045344e-02 7.592800e-03 -9.578024e-04 
7.602800e-03 8.956031e-02 7.602800e-03 -9.483015e-04 
7.612800e-03 8.858040e-02 7.612800e-03 -9.378647e-04 
7.622800e-03 8.751457e-02 7.622800e-03 -9.265024e-04 
7.632800e-03 8.636378e-02 7.632800e-03 -9.142257e-04 
7.642800e-03 8.512905e-02 7.642800e-03 -9.010467e-04 
7.652800e-03 8.381148e-02 7.652800e-03 -8.869786e-04 
7.662800e-03 8.241225e-02 7.662800e-03 -8.720351e-04 
7.672800e-03 8.093262e-02 7.672800e-03 -8.562310e-04 
7.682800e-03 7.937390e-02 7.682800e-03 -8.395819e-04 
7.692800e-03 7.773750e-02 7.692800e-03 -8.221043e-04 
7.702800e-03 7.602489e-02 7.702800e-03 -8.038153e-04 
7.712800e-03 7.423762e-02 7.712800e-03 -7.847331e-04 
7.722800e-03 7.237730e-02 7.722800e-03 -7.648764e-04 
7.732800e-03 7.044562e-02 7.732800e-03 -7.442649e-04 
7.742800e-03 6.844433e-02 7.742800e-03 -7.229189e-04 
7.752800e-03 6.637525e-02 7.752800e-03 -7.008595e-04 
7.762800e-03 6.424027e-02 7.762800e-03 -6.781084e-04 
7.772800e-03 6.204134e-02 7.772800e-03 -6.546880e-04 
7.782800e-03 5.978048e-02 7.782800e-03 -6.306216e-04 
7.792800e-03 5.745978e-02 7.792800e-03 -6.059329e-04 
7.802800e-03 5.508136e-02 7.802800e-03 -5.806461e-04 
7.812800e-03 5.264742e-02 7.812800e-03 -5.547863e-04 
7.822800e-03 5.016024e-02 7.822800e-03 -5.283791e-04 
7.832800e-03 4.762211e-02 7.832800e-03 -5.014503e-04 
7.842800e-03 4.503540e-02 7.842800e-03 -4.740267e-04 
7.852800e-03 4.240254e-02 7.852800e-03 -4.461353e-04 
7.862800e-03 3.972600e-02 7.862800e-03 -4.178036e-04 
7.872800e-03 3.700830e-02 7.872800e-03 -3.890596e-04 
7.882800e-03 3.425199e-02 7.882800e-03 -3.599317e-04 
7.892800e-03 3.145970e-02 7.892800e-03 -3.304485e-04 
7.902800e-03 2.863408e-02 7.902800e-03 -3.006392e-04 
7.912800e-03 2.577782e-02 7.912800e-03 -2.705332e-04 
7.922800e-03 2.289366e-02 7.922800e-03 -2.401603e-04 
7.932800e-03 1.998435e-02 7.932800e-03 -2.095503e-04 
7.942800e-03 1.705271e-02 7.942800e-03 -1.787335e-04 
7.952800e-03 1.410157e-02 7.952800e-03 -1.477404e-04 
7.962800e-03 1.113378e-02 7.962800e-03 -1.166014e-04 
7.972800e-03 8.152238e-03 7.972800e-03 -8.534736e-05 
7.982800e-03 5.159846e-03 7.982800e-03 -5.400910e-05 
7.992800e-03 2.159534e-03 7.992800e-03 -2.261754e-05 
8.002800e-03 -8.457482e-04 8.002800e-03 8.796346e-06 
8.012800e-03 -3.853040e-03 8.012800e-03 4.020155e-05 
8.022800e-03 -6.859367e-03 8.022800e-03 7.156708e-05 
8.032800e-03 -9.861747e-03 8.032800e-03 1.028620e-04 
8.042800e-03 -1.285719e-02 8.042800e-03 1.340554e-04 
8.052800e-03 -1.584271e-02 8.052800e-03 1.651165e-04 
8.062800e-03 -1.881531e-02 8.062800e-03 1.960146e-04 
8.072800e-03 -2.177200e-02 8.072800e-03 2.267193e-04 
8.082800e-03 -2.470981e-02 8.082800e-03 2.572003e-04 
8.092800e-03 -2.762575e-02 8.092800e-03 2.874274e-04 
8.102800e-03 -3.051688e-02 8.102800e-03 3.173709e-04 
8.112800e-03 -3.338025e-02 8.112800e-03 3.470011e-04 
8.122800e-03 -3.621294e-02 8.122800e-03 3.762889e-04 
8.132800e-03 -3.901204e-02 8.132800e-03 4.052054e-04 
8.142800e-03 -4.177468e-02 8.142800e-03 4.337220e-04 
8.152800e-03 -4.449802e-02 8.152800e-03 4.618105e-04 
8.162800e-03 -4.717924e-02 8.162800e-03 4.894433e-04 
8.172800e-03 -4.981557e-02 8.172800e-03 5.165931e-04 
8.182800e-03 -5.240426e-02 8.182800e-03 5.432331e-04 
8.192800e-03 -5.494262e-02 8.192800e-03 5.693369e-04 
8.202800e-03 -5.742800e-02 8.202800e-03 5.948789e-04 
8.212800e-03 -5.985779e-02 8.212800e-03 6.198338e-04 
8.222800e-03 -6.222945e-02 8.222800e-03 6.441770e-04 
8.232800e-03 -6.454048e-02 8.232800e-03 6.678845e-04 
8.242800e-03 -6.678845e-02 8.242800e-03 6.909329e-04 
8.252800e-03 -6.897096e-02 8.252800e-03 7.132994e-04 
8.262800e-03 -7.108573e-02 8.262800e-03 7.349619e-04 
8.272800e-03 -7.313049e-02 8.272800e-03 7.558992e-04 
8.282800e-03 -7.510307e-02 8.282800e-03 7.760904e-04 
8.292800e-03 -7.700137e-02 8.292800e-03 7.955158e-04 
8.302800e-03 -7.882336e-02 8.302800e-03 8.141561e-04 
8.312800e-03 -8.056709e-02 8.312800e-03 8.319929e-04 
8.322800e-03 -8.223069e-02 8.322800e-03 8.490086e-04 
8.332800e-03 -8.381237e-02 8.332800e-03 8.651864e-04 
8.342800e-03 -8.531044e-02 8.342800e-03 8.805104e-04 
8.352800e-03 -8.672327e-02 8.352800e-03 8.949655e-04 
8.362800e-03 -8.804935e-02 8.362800e-03 9.085373e-04 
8.372800e-03 -8.928724e-02 8.372800e-03 9.212126e-04 
8.382800e-03 -9.043560e-02 8.382800e-03 9.329787e-04 
8.392800e-03 -9.149319e-02 8.392800e-03 9.438240e-04 
8.402800e-03 -9.245885e-02 8.402800e-03 9.537379e-04 
8.412800e-03 -9.333155e-02 8.412800e-03 9.627106e-04 
8.422800e-03 -9.411034e-02 8.422800e-03 9.707333e-04 
8.432800e-03 -9.479436e-02 8.432800e-03 9.777979e-04 
8.442800e-03 -9.538288e-02 8.442800e-03 9.838975e-04 
8.452800e-03 -9.587525e-02 8.452800e-03 9.890262e-04 
8.462800e-03 -9.627093e-02 8.462800e-03 9.931788e-04 
8.472800e-03 -9.656950e-02 8.472800e-03 9.963513e-04 
8.482800e-03 -9.677063e-02 8.482800e-03 9.985404e-04 
8.492800e-03 -9.687411e-02 8.492800e-03 9.997442e-04 
8.502800e-03 -9.687981e-02 8.502800e-03 9.999613e-04 
8.512800e-03 -9.678773e-02 8.512800e-03 9.991916e-04 
8.522800e-03 -9.659797e-02 8.522800e-03 9.974358e-04 
8.532800e-03 -9.631074e-02 8.532800e-03 9.946956e-04 
8.542800e-03 -9.592636e-02 8.542800e-03 9.909738e-04 
8.552800e-03 -9.544523e-02 8.552800e-03 9.862741e-04 
8.562800e-03 -9.486789e-02 8.562800e-03 9.806010e-04 
8.572800e-03 -9.419497e-02 8.572800e-03 9.739601e-04 
8.582800e-03 -9.342719e-02 8.582800e-03 9.663581e-04 
8.592800e-03 -9.256539e-02 8.592800e-03 9.578024e-04 
8.602800e-03 -9.161051e-02 8.602800e-03 9.483015e-04 
8.612800e-03 -9.056358e-02 8.612800e-03 9.378647e-04 
8.622800e-03 -8.942574e-02 8.622800e-03 9.265024e-04 
8.632800e-03 -8.819822e-02 8.632800e-03 9.142257e-04 
8.642800e-03 -8.688235e-02 8.642800e-03 9.010467e-04 
8.652800e-03 -8.547955e-02 8.652800e-03 8.869786e-04 
8.662800e-03 -8.399134e-02 8.662800e-03 8.720351e-04 
8.672800e-03 -8.241932e-02 8.672800e-03 8.562310e-04 
8.682800e-03 -8.076518e-02 8.682800e-03 8.395819e-04 
8.692800e-03 -7.903070e-02 8.692800e-03 8.221043e-04 
8.702800e-03 -7.721773e-02 8.702800e-03 8.038153e-04 
8.712800e-03 -7.532823e-02 8.712800e-03 7.847331e-04 
8.722800e-03 -7.336420e-02 8.722800e-03 7.648764e-04 
8.732800e-03 -7.132774e-02 8.732800e-03 7.442649e-04 
8.742800e-03 -6.922103e-02 8.742800e-03 7.229189e-04 
8.752800e-03 -6.704630e-02 8.752800e-03 7.008595e-04 
8.762800e-03 -6.480585e-02 8.762800e-03 6.781084e-04 
8.772800e-03 -6.250205e-02 8.772800e-03 6.546880e-04 
8.782800e-03 -6.013733e-02 8.782800e-03 6.306216e-04 
8.792800e-03 -5.771419e-02 8.792800e-03 6.059329e-04 
8.802800e-03 -5.523517e-02 8.802800e-03 5.806461e-04 
8.812800e-03 -5.270286e-02 8.812800e-03 5.547863e-04 
8.822800e-03 -5.011990e-02 8.822800e-03 5.283791e-04 
8.832800e-03 -4.748900e-02 8.832800e-03 5.014503e-04 
8.842800e-03 -4.481289e-02 8.842800e-03 4.740267e-04 
8.852800e-03 -4.209433e-02 8.852800e-03 4.461353e-04 
8.862800e-03 -3.933614e-02 8.862800e-03 4.178036e-04 
8.872800e-03 -3.654115e-02 8.872800e-03 3.890596e-04 
8.882800e-03 -3.371225e-02 8.882800e-03 3.599317e-04 
8.892800e-03 -3.085233e-02 8.892800e-03 3.304485e-04 
8.902800e-03 -2.796430e-02 8.902800e-03 3.006392e-04 
8.912800e-03 -2.505112e-02 8.912800e-03 2.705332e-04 
8.922800e-03 -2.211574e-02 8.922800e-03 2.401603e-04 
8.932800e-03 -1.916112e-02 8.932800e-03 2.095503e-04 
8.942800e-03 -1.619025e-02 8.942800e-03 1.787335e-04 
8.952800e-03 -1.320611e-02 8.952800e-03 1.477404e-04 
8.962800e-03 -1.021171e-02 8.962800e-03 1.166014e-04 
8.972800e-03 -7.210017e-03 8.972800e-03 8.534736e-05 
8.982800e-03 -4.204034e-03 8.982800e-03 5.400910e-05 
8.992800e-03 -1.196743e-03 8.992800e-03 2.261754e-05 
9.002800e-03 1.808883e-03 9.002800e-03 -8.796346e-06 
9.012800e-03 4.809880e-03 9.012800e-03 -4.020155e-05 
9.022800e-03 7.803298e-03 9.022800e-03 -7.156708e-05 
9.032800e-03 1.078621e-02 9.032800e-03 -1.028620e-04 
9.042800e-03 1.375569e-02 9.042800e-03 -1.340554e-04 
9.052800e-03 1.670887e-02 9.052800e-03 -1.651165e-04 
9.062800e-03 1.964287e-02 9.062800e-03 -1.960146e-04 
9.072800e-03 2.255485e-02 9.072800e-03 -2.267193e-04 
9.082800e-03 2.544203e-02 9.082800e-03 -2.572003e-04 
9.092800e-03 2.830161e-02 9.092800e-03 -2.874274e-04 
9.102800e-03 3.113087e-02 9.102800e-03 -3.173709e-04 
9.112800e-03 3.392711e-02 9.112800e-03 -3.470011e-04 
9.122800e-03 3.668766e-02 9.122800e-03 -3.762889e-04 
9.132800e-03 3.940992e-02 9.132800e-03 -4.052054e-04 
9.142800e-03 4.209130e-02 9.142800e-03 -4.337220e-04 
9.152800e-03 4.472929e-02 9.152800e-03 -4.618105e-04 
9.162800e-03 4.732141e-02 9.162800e-03 -4.894433e-04 
9.172800e-03 4.986523e-02 9.172800e-03 -5.165931e-04 
9.182800e-03 5.235838e-02 9.182800e-03 -5.432331e-04 
9.192800e-03 5.479853e-02 9.192800e-03 -5.693369e-04 
9.202800e-03 5.718343e-02 9.202800e-03 -5.948789e-04 
9.212800e-03 5.951087e-02 9.212800e-03 -6.198338e-04 
9.222800e-03 6.177870e-02 9.222800e-03 -6.441770e-04 
9.232800e-03 6.398484e-02 9.232800e-03 -6.678845e-04 
9.242800e-03 6.612726e-02 9.242800e-03 -6.909329e-04 
9.252800e-03 6.820400e-02 9.252800e-03 -7.132994e-04 
9.262800e-03 7.021316e-02 9.262800e-03 -7.349619e-04 
9.272800e-03 7.215292e-02 9.272800e-03 -7.558992e-04 
9.282800e-03 7.402152e-02 9.282800e-03 -7.760904e-04 
9.292800e-03 7.581726e-02 9.292800e-03 -7.955158e-04 
9.302800e-03 7.753852e-02 9.302800e-03 -8.141561e-04 
9.312800e-03 7.918374e-02 9.312800e-03 -8.319929e-04 
9.322800e-03 8.075145e-02 9.322800e-03 -8.490086e-04 
9.332800e-03 8.224023e-02 9.332800e-03 -8.651864e-04 
9.342800e-03 8.364876e-02 9.342800e-03 -8.805104e-04 
9.352800e-03 8.497576e-02 9.352800e-03 -8.949655e-04 
9.362800e-03 8.622005e-02 9.362800e-03 -9.085373e-04 
9.372800e-03 8.738053e-02 9.372800e-03 -9.212126e-04 
9.382800e-03 8.845616e-02 9.382800e-03 -9.329787e-04 
9.392800e-03 8.944598e-02 9.392800e-03 -9.438240e-04 
9.402800e-03 9.034912e-02 9.402800e-03 -9.537379e-04 
9.412800e-03 9.116476e-02 9.412800e-03 -9.627106e-04 
9.422800e-03 9.189220e-02 9.422800e-03 -9.707333e-04 
9.432800e-03 9.253078e-02 9.432800e-03 -9.777979e-04 
9.442800e-03 9.307993e-02 9.442800e-03 -9.838975e-04 
9.452800e-03 9.353918e-02 9.452800e-03 -9.890262e-04 
9.462800e-03 9.390812e-02 9.462800e-03 -9.931788e-04 
9.472800e-03 9.418642e-02 9.472800e-03 -9.963513e-04 
9.482800e-03 9.437383e-02 9.482800e-03 -9.985404e-04 
9.492800e-03 9.447020e-02 9.492800e-03 -9.997442e-04 
9.502800e-03 9.447543e-02 9.502800e-03 -9.999613e-04 
9.512800e-03 9.438952e-02 9.512800e-03 -9.991916e-04 
9.522800e-03 9.421255e-02 9.522800e-03 -9.974358e-04 
9.532800e-03 9.394467e-02 9.532800e-03 -9.946956e-04 
9.542800e-03 9.358612e-02 9.542800e-03 -9.909738e-04 
9.552800e-03 9.313722e-02 9.552800e-03 -9.862741e-04 
9.562800e-03 9.259836e-02 9.562800e-03 -9.806010e-04 
9.572800e-03 9.197001e-02 9.572800e-03 -9.739601e-04 
9.582800e-03 9.125275e-02 9.582800e-03 -9.663581e-04 
9.592800e-03 9.044719e-02 9.592800e-03 -9.578024e-04 
9.602800e-03 8.955406e-02 9.602800e-03 -9.483015e-04 
9.612800e-03 8.857414e-02 9.612800e-03 -9.378647e-04 
9.622800e-03 8.750831e-02 9.622800e-03 -9.265024e-04 
9.632800e-03 8.635752e-02 9.632800e-03 -9.142257e-04 
9.642800e-03 8.512279e-02 9.642800e-03 -9.010467e-04 
9.652800e-03 8.380522e-02 9.652800e-03 -8.869786e-04 
9.662800e-03 8.240598e-02 9.662800e-03 -8.720351e-04 
9.672800e-03 8.092635e-02 9.672800e-03 -8.562310e-04 
9.682800e-03 7.936762e-02 9.682800e-03 -8.395819e-04 
9.692800e-03 7.773122e-02 9.692800e-03 -8.221043e-04 
9.702800e-03 7.601861e-02 9.702800e-03 -8.038153e-04 
9.712800e-03 7.423134e-02 9.712800e-03 -7.847331e-04 
9.722800e-03 7.237101e-02 9.722800e-03 -7.648764e-04 
9.732800e-03 7.043933e-02 9.732800e-03 -7.442649e-04 
9.742800e-03 6.843803e-02 9.742800e-03 -7.229189e-04 
9.752800e-03 6.636895e-02 9.752800e-03 -7.008595e-04 
9.762800e-03 6.423396e-02 9.762800e-03 -6.781084e-04 
9.772800e-03 6.203503e-02 9.772800e-03 -6.546880e-04 
9.782800e-03 5.977417e-02 9.782800e-03 -6.306216e-04 
9.792800e-03 5.745346e-02 9.792800e-03 -6.059329e-04 
9.802800e-03 5.507503e-02 9.802800e-03 -5.806461e-04 
9.812800e-03 5.264109e-02 9.812800e-03 -5.547863e-04 
9.822800e-03 5.015390e-02 9.822800e-03 -5.283791e-04 
9.832800e-03 4.761577e-02 9.832800e-03 -5.014503e-04 
9.842800e-03 4.502906e-02 9.842800e-03 -4.740267e-04 
9.852800e-03 4.239619e-02 9.852800e-03 -4.461353e-04 
9.862800e-03 3.971964e-02 9.862800e-03 -4.178036e-04 
9.872800e-03 3.700193e-02 9.872800e-03 -3.890596e-04 
9.882800e-03 3.424562e-02 9.882800e-03 -3.599317e-04 
9.892800e-03 3.145333e-02 9.892800e-03 -3.304485e-04 
9.902800e-03 2.862770e-02 9.902800e-03 -3.006392e-04 
9.912800e-03 2.577143e-02 9.912800e-03 -2.705332e-04 
9.922800e-03 2.288726e-02 9.922800e-03 -2.401603e-04 
9.932800e-03 1.997795e-02 9.932800e-03 -2.095503e-04 
9.942800e-03 1.704631e-02 9.942800e-03 -1.787335e-04 
9.952800e-03 1.409516e-02 9.952800e-03 -1.477404e-04 
9.962800e-03 1.112736e-02 9.962800e-03 -1.166014e-04 
9.972800e-03 8.145811e-03 9.972800e-03 -8.534736e-05 
9.982800e-03 5.153411e-03 9.982800e-03 -5.400910e-05 
9.992800e-03 2.153093e-03 9.992800e-03 -2.261754e-05 
1.000000e-02 -1.038653e-05 1.000000e-02 -1.224647e-18 
